sizeX=512
sizeX=512
sizeZ=35
sizeC=2
physicalSizeX=0.10639449954032898µm
physicalSizeY=0.10639449954032898µm
physicalSizeZ=0.20000000298023224µm
pixelType=int16
withInstrument=true

[series_0]
ChannelEmissionWavelength_0=457nm
ChannelExcitationWavelength_0=360nm
ChannelEmissionWavelength_1=528nm
ChannelExcitationWavelength_1=490nm
DeltaT_0=0
DeltaT_1=2
DeltaT_2=4
DeltaT_3=6
DeltaT_4=8
DeltaT_5=10
DeltaT_6=12
DeltaT_7=14
DeltaT_8=16
DeltaT_9=18
DeltaT_10=20
DeltaT_11=22
DeltaT_12=24
DeltaT_13=26
DeltaT_14=28
DeltaT_15=30
DeltaT_16=32
DeltaT_17=34
DeltaT_18=36
DeltaT_19=38
DeltaT_20=40
DeltaT_21=42
DeltaT_22=44
DeltaT_23=46
DeltaT_24=48
DeltaT_25=50
DeltaT_26=52
DeltaT_27=54
DeltaT_28=56
DeltaT_29=58
DeltaT_30=60
DeltaT_31=62
DeltaT_32=64
DeltaT_33=66
DeltaT_34=68
DeltaT_35=70
DeltaT_36=72
DeltaT_37=74
DeltaT_38=76
DeltaT_39=78
DeltaT_40=80
DeltaT_41=82
DeltaT_42=84
DeltaT_43=86
DeltaT_44=88
DeltaT_45=90
DeltaT_46=92
DeltaT_47=94
DeltaT_48=96
DeltaT_49=98
DeltaT_50=100
DeltaT_51=102
DeltaT_52=104
DeltaT_53=106
DeltaT_54=108
DeltaT_55=110
DeltaT_56=112
DeltaT_57=114
DeltaT_58=116
DeltaT_59=118
DeltaT_60=120
DeltaT_61=122
DeltaT_62=124
DeltaT_63=126
DeltaT_64=128
DeltaT_65=130
DeltaT_66=132
DeltaT_67=134
DeltaT_68=136
DeltaT_69=138
ExposureTime_0=0.33500000834465027
ExposureTime_1=0.33500000834465027
ExposureTime_2=0.33500000834465027
ExposureTime_3=0.33500000834465027
ExposureTime_4=0.33500000834465027
ExposureTime_5=0.33500000834465027
ExposureTime_6=0.33500000834465027
ExposureTime_7=0.33500000834465027
ExposureTime_8=0.33500000834465027
ExposureTime_9=0.33500000834465027
ExposureTime_10=0.33500000834465027
ExposureTime_11=0.33500000834465027
ExposureTime_12=0.33500000834465027
ExposureTime_13=0.33500000834465027
ExposureTime_14=0.33500000834465027
ExposureTime_15=0.33500000834465027
ExposureTime_16=0.33500000834465027
ExposureTime_17=0.33500000834465027
ExposureTime_18=0.33500000834465027
ExposureTime_19=0.33500000834465027
ExposureTime_20=0.33500000834465027
ExposureTime_21=0.33500000834465027
ExposureTime_22=0.33500000834465027
ExposureTime_23=0.33500000834465027
ExposureTime_24=0.33500000834465027
ExposureTime_25=0.33500000834465027
ExposureTime_26=0.33500000834465027
ExposureTime_27=0.33500000834465027
ExposureTime_28=0.33500000834465027
ExposureTime_29=0.33500000834465027
ExposureTime_30=0.33500000834465027
ExposureTime_31=0.33500000834465027
ExposureTime_32=0.33500000834465027
ExposureTime_33=0.33500000834465027
ExposureTime_34=0.33500000834465027
ExposureTime_35=0.33500000834465027
ExposureTime_36=0.33500000834465027
ExposureTime_37=0.33500000834465027
ExposureTime_38=0.33500000834465027
ExposureTime_39=0.33500000834465027
ExposureTime_40=0.33500000834465027
ExposureTime_41=0.33500000834465027
ExposureTime_42=0.33500000834465027
ExposureTime_43=0.33500000834465027
ExposureTime_44=0.33500000834465027
ExposureTime_45=0.33500000834465027
ExposureTime_46=0.33500000834465027
ExposureTime_47=0.33500000834465027
ExposureTime_48=0.33500000834465027
ExposureTime_49=0.33500000834465027
ExposureTime_50=0.33500000834465027
ExposureTime_51=0.33500000834465027
ExposureTime_52=0.33500000834465027
ExposureTime_53=0.33500000834465027
ExposureTime_54=0.33500000834465027
ExposureTime_55=0.33500000834465027
ExposureTime_56=0.33500000834465027
ExposureTime_57=0.33500000834465027
ExposureTime_58=0.33500000834465027
ExposureTime_59=0.33500000834465027
ExposureTime_60=0.33500000834465027
ExposureTime_61=0.33500000834465027
ExposureTime_62=0.33500000834465027
ExposureTime_63=0.33500000834465027
ExposureTime_64=0.33500000834465027
ExposureTime_65=0.33500000834465027
ExposureTime_66=0.33500000834465027
ExposureTime_67=0.33500000834465027
ExposureTime_68=0.33500000834465027
ExposureTime_69=0.33500000834465027
