sizeX=20
sizeY=20
sizeZ=5
sizeC=1
sizeT=6
pixelType=int16
physicalSizeX=0.10010942816734314µm
physicalSizeY=0.10010942816734314µm

[series_0]
ChannelEmissionWavelength_0=500nm
ChannelExcitationWavelength_0=490nm
